1 2 23243.95
1 3 21328.39
1 4 0.56
1 5 0.00
1 6 30637.90
1 7 0.00
1 8 0.02
1 9 0.00
1 10 0.00
1 11 0.00
1 12 0.00
1 13 0.00
1 14 0.00
1 15 0.00
1 16 0.00
1 17 0.00
1 18 0.00
1 19 0.00
1 20 0.00
2 1 50364.39
2 3 136.18
2 4 0.00
2 5 0.00
2 6 0.00
2 7 0.00
2 8 0.00
2 9 0.00
2 10 0.00
2 11 0.00
2 12 0.00
2 13 0.00
2 14 0.00
2 15 0.00
2 16 0.00
2 17 0.00
2 18 0.00
2 19 0.00
2 20 0.00
3 1 2207188.94
3 2 136.18
3 4 4616772.81
3 5 18.80
3 6 0.04
3 7 0.00
3 8 0.00
3 9 0.00
3 10 0.00
3 11 0.00
3 12 0.00
3 13 0.00
3 14 0.00
3 15 0.00
3 16 0.00
3 17 0.00
3 18 0.00
3 19 0.00
3 20 0.00
4 1 0.56
4 2 0.00
4 3 220498841.63
4 5 2202852970.63
4 6 0.00
4 7 0.00
4 8 0.00
4 9 0.00
4 10 0.00
4 11 0.00
4 12 0.00
4 13 0.00
4 14 0.00
4 15 0.30
4 16 0.00
4 17 0.00
4 18 0.00
4 19 0.00
4 20 0.00
5 1 0.00
5 2 0.00
5 3 18.80
5 4 445693.53
5 6 0.00
5 7 0.00
5 8 0.00
5 9 0.00
5 10 0.00
5 11 0.00
5 12 0.00
5 13 0.00
5 14 0.02
5 15 126116.85
5 16 0.00
5 17 0.00
5 18 0.00
5 19 0.00
5 20 0.00
6 1 45098.89
6 2 0.00
6 3 0.04
6 4 0.00
6 5 0.00
6 7 3655806.02
6 8 61507.42
6 9 1.46
6 10 0.00
6 11 0.00
6 12 0.00
6 13 0.00
6 14 0.00
6 15 0.00
6 16 0.00
6 17 0.00
6 18 0.00
6 19 0.00
6 20 0.00
7 1 0.00
7 2 0.00
7 3 0.00
7 4 0.00
7 5 0.00
7 6 23999.10
7 8 58.70
7 9 0.00
7 10 0.00
7 11 0.00
7 12 0.00
7 13 0.00
7 14 0.00
7 15 0.00
7 16 0.00
7 17 0.00
7 18 0.00
7 19 0.00
7 20 0.00
8 1 0.02
8 2 0.00
8 3 0.00
8 4 0.00
8 5 0.00
8 6 2937618.16
8 7 58.70
8 9 481983.13
8 10 14.92
8 11 0.00
8 12 0.00
8 13 0.00
8 14 0.00
8 15 0.00
8 16 0.00
8 17 0.00
8 18 0.00
8 19 0.00
8 20 0.00
9 1 0.00
9 2 0.00
9 3 0.00
9 4 0.00
9 5 0.00
9 6 1.46
9 7 0.00
9 8 73420948.27
9 10 123540815.61
9 11 0.00
9 12 0.00
9 13 0.00
9 14 0.00
9 15 0.00
9 16 0.00
9 17 0.00
9 18 0.00
9 19 0.00
9 20 0.00
10 1 0.00
10 2 0.00
10 3 0.00
10 4 0.00
10 5 0.00
10 6 0.00
10 7 0.00
10 8 14.92
10 9 79722.63
10 11 0.00
10 12 0.00
10 13 0.00
10 14 0.00
10 15 0.00
10 16 0.00
10 17 0.00
10 18 0.00
10 19 0.00
10 20 0.00
11 1 0.00
11 2 0.00
11 3 0.00
11 4 0.00
11 5 0.00
11 6 0.00
11 7 0.00
11 8 0.00
11 9 0.00
11 10 0.00
11 12 35112.07
11 13 37998.22
11 14 3.11
11 15 0.00
11 16 12363.37
11 17 0.00
11 18 0.00
11 19 0.00
11 20 0.00
12 1 0.00
12 2 0.00
12 3 0.00
12 4 0.00
12 5 0.00
12 6 0.00
12 7 0.00
12 8 0.00
12 9 0.00
12 10 0.00
12 11 76079.92
12 13 121.32
12 14 0.00
12 15 0.00
12 16 0.00
12 17 0.00
12 18 0.00
12 19 0.00
12 20 0.00
13 1 0.00
13 2 0.00
13 3 0.00
13 4 0.00
13 5 0.00
13 6 0.00
13 7 0.00
13 8 0.00
13 9 0.00
13 10 0.00
13 11 3932281.28
13 12 121.32
13 14 5268237.86
13 15 51.44
13 16 0.06
13 17 0.00
13 18 0.00
13 19 0.00
13 20 0.00
14 1 0.00
14 2 0.00
14 3 0.00
14 4 0.00
14 5 0.02
14 6 0.00
14 7 0.00
14 8 0.00
14 9 0.00
14 10 0.00
14 11 3.11
14 12 0.00
14 13 251613062.57
14 15 3496468031.32
14 16 0.00
14 17 0.00
14 18 0.00
14 19 0.00
14 20 0.00
15 1 0.00
15 2 0.00
15 3 0.00
15 4 0.30
15 5 126116.85
15 6 0.00
15 7 0.00
15 8 0.00
15 9 0.00
15 10 0.00
15 11 0.00
15 12 0.00
15 13 51.44
15 14 707424.97
15 16 0.00
15 17 0.00
15 18 0.00
15 19 0.00
15 20 0.00
16 1 0.00
16 2 0.00
16 3 0.00
16 4 0.00
16 5 0.00
16 6 0.00
16 7 0.00
16 8 0.00
16 9 0.00
16 10 0.00
16 11 18198.84
16 12 0.00
16 13 0.06
16 14 0.00
16 15 0.00
16 17 657254.87
16 18 74975.24
16 19 0.19
16 20 0.00
17 1 0.00
17 2 0.00
17 3 0.00
17 4 0.00
17 5 0.00
17 6 0.00
17 7 0.00
17 8 0.00
17 9 0.00
17 10 0.00
17 11 0.00
17 12 0.00
17 13 0.00
17 14 0.00
17 15 0.00
17 16 4314.65
17 18 143.09
17 19 0.00
17 20 0.00
18 1 0.00
18 2 0.00
18 3 0.00
18 4 0.00
18 5 0.00
18 6 0.00
18 7 0.00
18 8 0.00
18 9 0.00
18 10 0.00
18 11 0.00
18 12 0.00
18 13 0.00
18 14 0.00
18 15 0.00
18 16 3580846.06
18 17 143.09
18 19 1046712.01
18 20 7.34
19 1 0.00
19 2 0.00
19 3 0.00
19 4 0.00
19 5 0.00
19 6 0.00
19 7 0.00
19 8 0.00
19 9 0.00
19 10 0.00
19 11 0.00
19 12 0.00
19 13 0.00
19 14 0.00
19 15 0.00
19 16 0.19
19 17 0.00
19 18 159446635.68
19 20 8252957.26
20 1 0.00
20 2 0.00
20 3 0.00
20 4 0.00
20 5 0.00
20 6 0.00
20 7 0.00
20 8 0.00
20 9 0.00
20 10 0.00
20 11 0.00
20 12 0.00
20 13 0.00
20 14 0.00
20 15 0.00
20 16 0.00
20 17 0.00
20 18 7.34
20 19 5325.75
